=== 80807EC9 blob=7ff61b968378 size=0x3C8
+000: C8 03 00 00 00 00 00 00 34 F1 1E 69 00 00 00 00
+010: FF FF FF FF C4 00 00 00 04 0B 00 00 00 00 04 00
+020: 90 3C 10 00 00 00 00 00 00 00 00 00 00 00 00 00
+030: 00 00 00 00 00 00 00 00 88 7D 28 00 00 00 00 00
+040: D0 4A 21 00 00 00 00 00 18 00 00 00 00 00 00 00
+050: 00 00 00 00 00 00 00 00 50 00 80 80 0A 01 80 80
+060: 15 00 00 00 00 00 00 00 C9 7E 80 80 C4 00 00 00
+070: C4 00 00 00 13 00 00 00 00 00 00 00 00 00 00 00
+080: 00 00 00 00 00 00 00 00 00 00 00 00 00 00 00 3F
+090: 01 01 00 00 42 9C 80 80 00 00 00 00 00 00 00 00
+0A0: 00 00 00 00 00 00 00 00 08 00 00 00 08 00 00 00
+0B0: 01 00 00 00 00 00 00 3F 01 01 00 00 42 9C 80 80
+0C0: 00 00 00 00 00 00 00 00 00 00 00 00 00 00 00 00
+0D0: 10 00 00 00 10 00 00 00 02 00 00 00 00 00 00 3F
+0E0: 01 01 00 00 1D 99 80 80 00 00 00 00 00 00 00 00
+0F0: 00 00 00 00 00 00 00 00 2C 00 00 00 2C 00 00 00
+100: 03 00 00 00 00 00 00 3F 01 01 00 00 CF 7E 80 80
+110: 00 00 00 00 00 00 00 00 00 00 00 00 00 00 00 00
+120: 50 00 00 00 50 00 00 00 04 00 00 00 00 00 00 3F
+130: 01 01 00 00 CF 7E 80 80 00 00 00 00 00 00 00 00
+140: 00 00 00 00 00 00 00 00 74 00 00 00 74 00 00 00
+150: 05 00 00 00 00 00 00 3F 01 01 00 00 D2 7E 80 80
+160: 00 00 00 00 00 00 00 00 00 00 00 00 00 00 00 00
+170: 7C 00 00 00 7C 00 00 00 06 00 00 00 00 00 00 3F
+180: 05 01 00 00 FF FF FF FF 00 00 00 00 1F 00 00 00
+190: 00 00 00 00 00 00 00 00 80 00 00 00 80 00 00 00
+1A0: 07 00 00 00 00 00 00 3F 09 01 00 00 FF FF FF FF
+1B0: 00 00 00 00 20 00 00 00 00 00 00 00 00 00 00 00
+1C0: 84 00 00 00 84 00 00 00 08 00 00 00 00 00 00 3F
+1D0: 09 01 00 00 FF FF FF FF 00 00 00 00 20 00 00 00
+1E0: 00 00 00 00 00 00 00 00 88 00 00 00 88 00 00 00
+1F0: 09 00 00 00 00 00 00 3F 01 01 00 00 42 9C 80 80
+200: 00 00 00 00 00 00 00 00 00 00 00 00 00 00 00 00
+210: 90 00 00 00 90 00 00 00 0A 00 00 00 00 00 00 3F
+220: 01 01 00 00 42 9C 80 80 00 00 00 00 00 00 00 00
+230: 00 00 00 00 00 00 00 00 98 00 00 00 98 00 00 00
+240: 0B 00 00 00 00 00 00 3F 01 01 00 00 42 9C 80 80
+250: 00 00 00 00 00 00 00 00 00 00 00 00 00 00 00 00
+260: A0 00 00 00 A0 00 00 00 0C 00 00 00 00 00 00 3F
+270: 01 01 00 00 42 9C 80 80 00 00 00 00 00 00 00 00
+280: 00 00 00 00 00 00 00 00 A8 00 00 00 A8 00 00 00
+290: 0D 00 00 00 00 00 00 3F 05 01 00 00 FF FF FF FF
+2A0: 00 00 00 00 1F 00 00 00 00 00 00 00 00 00 00 00
+2B0: AC 00 00 00 AC 00 00 00 0E 00 00 00 00 00 00 3F
+2C0: 05 01 00 00 FF FF FF FF 00 00 00 00 1F 00 00 00
+2D0: 00 00 00 00 00 00 00 00 B0 00 00 00 B0 00 00 00
+2E0: 0F 00 00 00 00 00 00 3F 05 01 00 00 FF FF FF FF
+2F0: 01 00 00 00 06 00 00 00 00 00 00 00 00 00 00 00
+300: B4 00 00 00 B4 00 00 00 10 00 00 00 00 00 00 3F
+310: 05 01 00 00 FF FF FF FF 01 00 00 00 05 00 00 00
+320: 00 00 00 00 00 00 00 00 B8 00 00 00 B8 00 00 00
+330: 11 00 00 00 00 00 00 3F 05 01 00 00 FF FF FF FF
+340: 00 00 00 00 1F 00 00 00 00 00 00 00 00 00 00 00
+350: BC 00 00 00 BC 00 00 00 00 00 00 00 00 00 00 3F
+360: 03 00 00 00 FF FF FF FF 01 00 00 00 02 00 00 00
+370: 00 00 00 00 00 00 00 00 BD 00 00 00 BD 00 00 00
+380: 00 00 00 00 00 00 00 3F 03 00 00 00 FF FF FF FF
+390: 01 00 00 00 03 00 00 00 00 00 00 00 00 00 00 00
+3A0: C0 00 00 00 C0 00 00 00 12 00 00 00 00 00 00 3F
+3B0: 09 01 00 00 FF FF FF FF 00 00 00 00 20 00 00 00
+3C0: 00 00 00 00 00 00 00 00 78 00 00 00 00 00 00 00
+3D0: 91 97 30 69 00 00 00 00 DC 93 80 80 40 00 00 00
+3E0: 10 0B 00 00 04 00 04 00
descriptor=+58 fields=21 rows=7ff61b9683e0
row0 : C9 7E 80 80 C4 00 00 00 C4 00 00 00 13 00 00 00 00 00 00 00 00 00 00 00 00 00 00 00 00 00 00 00 00 00 00 00 00 00 00 3F
row1 : 01 01 00 00 42 9C 80 80 00 00 00 00 00 00 00 00 00 00 00 00 00 00 00 00 08 00 00 00 08 00 00 00 01 00 00 00 00 00 00 3F
row2 : 01 01 00 00 42 9C 80 80 00 00 00 00 00 00 00 00 00 00 00 00 00 00 00 00 10 00 00 00 10 00 00 00 02 00 00 00 00 00 00 3F
row3 : 01 01 00 00 1D 99 80 80 00 00 00 00 00 00 00 00 00 00 00 00 00 00 00 00 2C 00 00 00 2C 00 00 00 03 00 00 00 00 00 00 3F
row4 : 01 01 00 00 CF 7E 80 80 00 00 00 00 00 00 00 00 00 00 00 00 00 00 00 00 50 00 00 00 50 00 00 00 04 00 00 00 00 00 00 3F
row5 : 01 01 00 00 CF 7E 80 80 00 00 00 00 00 00 00 00 00 00 00 00 00 00 00 00 74 00 00 00 74 00 00 00 05 00 00 00 00 00 00 3F
row6 : 01 01 00 00 D2 7E 80 80 00 00 00 00 00 00 00 00 00 00 00 00 00 00 00 00 7C 00 00 00 7C 00 00 00 06 00 00 00 00 00 00 3F
row7 : 05 01 00 00 FF FF FF FF 00 00 00 00 1F 00 00 00 00 00 00 00 00 00 00 00 80 00 00 00 80 00 00 00 07 00 00 00 00 00 00 3F
row8 : 09 01 00 00 FF FF FF FF 00 00 00 00 20 00 00 00 00 00 00 00 00 00 00 00 84 00 00 00 84 00 00 00 08 00 00 00 00 00 00 3F
row9 : 09 01 00 00 FF FF FF FF 00 00 00 00 20 00 00 00 00 00 00 00 00 00 00 00 88 00 00 00 88 00 00 00 09 00 00 00 00 00 00 3F
row10: 01 01 00 00 42 9C 80 80 00 00 00 00 00 00 00 00 00 00 00 00 00 00 00 00 90 00 00 00 90 00 00 00 0A 00 00 00 00 00 00 3F
row11: 01 01 00 00 42 9C 80 80 00 00 00 00 00 00 00 00 00 00 00 00 00 00 00 00 98 00 00 00 98 00 00 00 0B 00 00 00 00 00 00 3F
row12: 01 01 00 00 42 9C 80 80 00 00 00 00 00 00 00 00 00 00 00 00 00 00 00 00 A0 00 00 00 A0 00 00 00 0C 00 00 00 00 00 00 3F
row13: 01 01 00 00 42 9C 80 80 00 00 00 00 00 00 00 00 00 00 00 00 00 00 00 00 A8 00 00 00 A8 00 00 00 0D 00 00 00 00 00 00 3F
row14: 05 01 00 00 FF FF FF FF 00 00 00 00 1F 00 00 00 00 00 00 00 00 00 00 00 AC 00 00 00 AC 00 00 00 0E 00 00 00 00 00 00 3F
row15: 05 01 00 00 FF FF FF FF 00 00 00 00 1F 00 00 00 00 00 00 00 00 00 00 00 B0 00 00 00 B0 00 00 00 0F 00 00 00 00 00 00 3F
row16: 05 01 00 00 FF FF FF FF 01 00 00 00 06 00 00 00 00 00 00 00 00 00 00 00 B4 00 00 00 B4 00 00 00 10 00 00 00 00 00 00 3F
row17: 05 01 00 00 FF FF FF FF 01 00 00 00 05 00 00 00 00 00 00 00 00 00 00 00 B8 00 00 00 B8 00 00 00 11 00 00 00 00 00 00 3F
row18: 05 01 00 00 FF FF FF FF 00 00 00 00 1F 00 00 00 00 00 00 00 00 00 00 00 BC 00 00 00 BC 00 00 00 00 00 00 00 00 00 00 3F
row19: 03 00 00 00 FF FF FF FF 01 00 00 00 02 00 00 00 00 00 00 00 00 00 00 00 BD 00 00 00 BD 00 00 00 00 00 00 00 00 00 00 3F
row20: 03 00 00 00 FF FF FF FF 01 00 00 00 03 00 00 00 00 00 00 00 00 00 00 00 C0 00 00 00 C0 00 00 00 12 00 00 00 00 00 00 3F

=== 8080991D blob=7ff61b9bc9b0 size=0xD8
+000: D8 00 00 00 00 00 00 00 9E A0 E5 F7 4A 46 84 00
+010: FF FF FF FF 1C 00 00 00 04 0B 00 00 00 00 06 00
+020: 90 3D 10 00 00 00 00 00 00 00 00 00 00 00 00 00
+030: 00 00 00 00 00 00 00 00 40 DA 21 00 00 00 00 00
+040: 68 FE 1A 00 00 00 00 00 20 00 00 00 00 00 00 00
+050: 00 00 00 00 00 00 00 00 1D 00 80 80 D8 9E 80 80
+060: 50 00 80 80 0A 01 80 80 02 00 00 00 00 00 00 00
+070: 1D 99 80 80 1C 00 00 00 1C 00 00 00 00 00 00 00
+080: 00 00 00 00 00 00 00 00 00 00 00 00 00 00 00 00
+090: 00 00 00 00 00 00 00 3F 05 00 00 00 FF FF FF FF
+0A0: 00 00 00 00 03 00 00 00 00 00 00 00 00 00 00 00
+0B0: 04 00 00 00 04 00 00 00 00 00 00 00 00 00 00 3F
+0C0: 01 00 00 00 1B 99 80 80 01 00 00 00 00 00 00 00
+0D0: 00 00 00 00 00 00 00 00 98 00 00 00 00 00 00 00
+0E0: 59 C8 EB F7 00 00 00 00 5C 9C 80 80 18 00 00 00
+0F0: 08 0B D3 07 04 00 04 00
descriptor=+60 fields=2 rows=7ff61b9bca20
row0 : 1D 99 80 80 1C 00 00 00 1C 00 00 00 00 00 00 00 00 00 00 00 00 00 00 00 00 00 00 00 00 00 00 00 00 00 00 00 00 00 00 3F
row1 : 05 00 00 00 FF FF FF FF 00 00 00 00 03 00 00 00 00 00 00 00 00 00 00 00 04 00 00 00 04 00 00 00 00 00 00 00 00 00 00 3F

=== 8080991B blob=7ff61b97bba0 size=0xA8
+000: A8 00 00 00 00 00 00 00 C3 D9 E3 87 4C 46 84 00
+010: 70 00 80 80 18 00 00 00 04 0B 00 00 00 00 03 00
+020: 10 35 10 00 00 00 00 00 00 00 00 00 00 00 00 00
+030: 00 00 00 00 00 00 00 00 88 C0 27 00 00 00 00 00
+040: A0 7F 20 00 00 00 00 00 18 00 00 00 00 00 00 00
+050: 00 00 00 00 00 00 00 00 50 00 80 80 0A 01 80 80
+060: 01 00 00 00 00 00 00 00 1B 99 80 80 18 00 00 00
+070: 18 00 00 00 00 00 00 00 06 00 00 00 00 00 00 00
+080: 04 00 00 00 04 00 00 00 00 00 00 00 00 00 00 3F
+090: 09 00 00 00 FF FF FF FF 00 00 00 00 20 00 00 00
+0A0: 00 00 00 00 00 00 00 00 78 00 00 00 00 00 00 00
+0B0: 55 48 E7 87 00 00 00 00 49 9C 80 80 20 00 00 00
+0C0: 10 0B 00 00 04 00 04 00
descriptor=+58 fields=1 rows=7ff61b97bc08
row0 : 1B 99 80 80 18 00 00 00 18 00 00 00 00 00 00 00 06 00 00 00 00 00 00 00 04 00 00 00 04 00 00 00 00 00 00 00 00 00 00 3F

=== 80807ECF blob=7ff61b9a1668 size=0xD8
+000: D8 00 00 00 00 00 00 00 3B BB EF C8 7D 50 84 00
+010: FF FF FF FF 24 00 00 00 04 0B 00 00 00 00 06 00
+020: 80 3D 00 00 00 00 00 00 00 00 00 00 00 00 00 00
+030: 00 00 00 00 00 00 00 00 00 00 00 00 00 00 00 00
+040: 00 00 00 00 00 00 00 00 20 00 00 00 00 00 00 00
+050: 00 00 00 00 00 00 00 00 1D 00 80 80 D8 9E 80 80
+060: 50 00 80 80 0A 01 80 80 02 00 00 00 00 00 00 00
+070: CF 7E 80 80 24 00 00 00 24 00 00 00 00 00 00 00
+080: 00 00 00 00 00 00 00 00 00 00 00 00 00 00 00 00
+090: 00 00 00 00 00 00 00 3F 05 00 00 00 FF FF FF FF
+0A0: 00 00 00 00 04 00 00 00 00 00 00 00 00 00 00 00
+0B0: 04 00 00 00 04 00 00 00 00 00 00 00 00 00 00 3F
+0C0: 01 00 00 00 91 94 80 80 01 00 00 00 00 00 00 00
+0D0: 00 00 00 00 00 00 00 00 88 00 00 00 00 00 00 00
+0E0: 40 F8 05 C9 00 00 00 00 F9 9B 80 80 28 00 00 00
+0F0: 08 0B 77 06 04 00 04 00
descriptor=+60 fields=2 rows=7ff61b9a16d8
row0 : CF 7E 80 80 24 00 00 00 24 00 00 00 00 00 00 00 00 00 00 00 00 00 00 00 00 00 00 00 00 00 00 00 00 00 00 00 00 00 00 3F
row1 : 05 00 00 00 FF FF FF FF 00 00 00 00 04 00 00 00 00 00 00 00 00 00 00 00 04 00 00 00 04 00 00 00 00 00 00 00 00 00 00 3F

=== 80809491 blob=7ff61b94f708 size=0xA8
+000: A8 00 00 00 00 00 00 00 FE 0F 08 43 7F 50 84 00
+010: 07 00 80 80 20 00 00 00 04 0B 00 00 00 00 03 00
+020: 00 35 00 00 00 00 00 00 00 00 00 00 00 00 00 00
+030: 00 00 00 00 00 00 00 00 00 00 00 00 00 00 00 00
+040: 00 00 00 00 00 00 00 00 18 00 00 00 00 00 00 00
+050: 00 00 00 00 00 00 00 00 50 00 80 80 0A 01 80 80
+060: 01 00 00 00 00 00 00 00 91 94 80 80 20 00 00 00
+070: 20 00 00 00 00 00 00 00 08 00 00 00 00 00 00 00
+080: 04 00 00 00 04 00 00 00 00 00 00 00 00 00 00 3F
+090: 05 00 00 00 FF FF FF FF 00 00 00 80 20 00 00 00
+0A0: 00 00 00 00 00 00 00 00 A8 00 00 00 00 00 00 00
+0B0: 5B DD 33 43 00 00 00 00 FF FF FF FF 00 42 00 00
+0C0: 08 0B 00 00 00 00 04 00
descriptor=+58 fields=1 rows=7ff61b94f770
row0 : 91 94 80 80 20 00 00 00 20 00 00 00 00 00 00 00 08 00 00 00 00 00 00 00 04 00 00 00 04 00 00 00 00 00 00 00 00 00 00 3F

=== 80807ED2 blob=7ff61b97f490 size=0x148
+000: 48 01 00 00 00 00 00 00 22 26 EE 8D 00 00 00 00
+010: FF FF FF FF 05 00 00 00 01 0B 00 00 00 00 04 00
+020: 00 3C 00 00 00 00 00 00 00 00 00 00 00 00 00 00
+030: 00 00 00 00 00 00 00 00 00 00 00 00 00 00 00 00
+040: 00 00 00 00 00 00 00 00 18 00 00 00 00 00 00 00
+050: 00 00 00 00 00 00 00 00 50 00 80 80 0A 01 80 80
+060: 05 00 00 00 00 00 00 00 D2 7E 80 80 05 00 00 00
+070: 05 00 00 00 00 00 00 00 00 00 00 00 00 00 00 00
+080: 00 00 00 00 00 00 00 00 00 00 00 00 00 00 00 3F
+090: 03 00 00 00 FF FF FF FF 01 00 00 00 03 00 00 00
+0A0: 00 00 00 00 00 00 00 00 01 00 00 00 01 00 00 00
+0B0: 00 00 00 00 00 00 00 3F 03 00 00 00 FF FF FF FF
+0C0: 01 00 00 00 02 00 00 00 00 00 00 00 00 00 00 00
+0D0: 02 00 00 00 02 00 00 00 00 00 00 00 00 00 00 3F
+0E0: 03 00 00 00 FF FF FF FF 01 00 00 00 03 00 00 00
+0F0: 00 00 00 00 00 00 00 00 03 00 00 00 03 00 00 00
+100: 00 00 00 00 00 00 00 3F 03 00 00 00 FF FF FF FF
+110: 01 00 00 00 02 00 00 00 00 00 00 00 00 00 00 00
+120: 04 00 00 00 04 00 00 00 00 00 00 00 00 00 00 3F
+130: 03 00 00 00 FF FF FF FF 01 00 00 00 03 00 00 00
+140: 00 00 00 00 00 00 00 00 A8 00 00 00 00 00 00 00
+150: D7 A6 F2 8D 37 5A 84 00 AF 86 80 80 00 58 05 00
+160: 08 0B 00 00 00 00 03 00
descriptor=+58 fields=5 rows=7ff61b97f4f8
row0 : D2 7E 80 80 05 00 00 00 05 00 00 00 00 00 00 00 00 00 00 00 00 00 00 00 00 00 00 00 00 00 00 00 00 00 00 00 00 00 00 3F
row1 : 03 00 00 00 FF FF FF FF 01 00 00 00 03 00 00 00 00 00 00 00 00 00 00 00 01 00 00 00 01 00 00 00 00 00 00 00 00 00 00 3F
row2 : 03 00 00 00 FF FF FF FF 01 00 00 00 02 00 00 00 00 00 00 00 00 00 00 00 02 00 00 00 02 00 00 00 00 00 00 00 00 00 00 3F
row3 : 03 00 00 00 FF FF FF FF 01 00 00 00 03 00 00 00 00 00 00 00 00 00 00 00 03 00 00 00 03 00 00 00 00 00 00 00 00 00 00 3F
row4 : 03 00 00 00 FF FF FF FF 01 00 00 00 02 00 00 00 00 00 00 00 00 00 00 00 04 00 00 00 04 00 00 00 00 00 00 00 00 00 00 3F

=== 80809C42 blob=7ff61b9a7cc0 size=0xF8
+000: F8 00 00 00 00 00 00 00 E6 60 AD D3 00 00 00 00
+010: FF FF FF FF 08 00 00 00 04 0B 00 00 00 00 04 00
+020: 10 3C 10 00 00 00 00 00 00 00 00 00 00 00 00 00
+030: 00 00 00 00 00 00 00 00 30 96 22 00 00 00 00 00
+040: 38 A2 15 00 00 00 00 00 18 00 00 00 00 00 00 00
+050: 00 00 00 00 00 00 00 00 50 00 80 80 0A 01 80 80
+060: 03 00 00 00 00 00 00 00 42 9C 80 80 08 00 00 00
+070: 08 00 00 00 00 00 00 00 00 00 00 00 00 00 00 00
+080: 00 00 00 00 00 00 00 00 00 00 00 00 00 00 00 3F
+090: 09 00 00 00 FF FF FF FF 00 00 00 00 20 00 00 00
+0A0: 00 00 00 00 00 00 00 00 04 00 00 00 04 00 00 00
+0B0: 00 00 00 00 00 00 00 3F 03 00 00 00 FF FF FF FF
+0C0: 01 00 00 00 07 00 00 00 00 00 00 00 00 00 00 00
+0D0: 06 00 00 00 06 00 00 00 00 00 00 00 00 00 00 3F
+0E0: 04 00 00 00 FF FF FF FF 00 80 00 00 10 00 00 00
+0F0: 00 00 00 00 00 00 00 00 98 00 00 00 00 00 00 00
+100: 36 D3 BC D3 00 00 00 00 32 91 80 80 18 00 00 00
+110: 08 0B BE 06 04 00 04 00
descriptor=+58 fields=3 rows=7ff61b9a7d28
row0 : 42 9C 80 80 08 00 00 00 08 00 00 00 00 00 00 00 00 00 00 00 00 00 00 00 00 00 00 00 00 00 00 00 00 00 00 00 00 00 00 3F
row1 : 09 00 00 00 FF FF FF FF 00 00 00 00 20 00 00 00 00 00 00 00 00 00 00 00 04 00 00 00 04 00 00 00 00 00 00 00 00 00 00 3F
row2 : 03 00 00 00 FF FF FF FF 01 00 00 00 07 00 00 00 00 00 00 00 00 00 00 00 06 00 00 00 06 00 00 00 00 00 00 00 00 00 00 3F

